10
13.85988793
18.07919963
17.95731212
20.11807685
16.53790752
16.90662588
18.37270196
23.68526667
28.988459
27.53542948
24.25824029
28.31154315
28.50725434
31.39702256
34.64873912
36.02605901
31.66759433
33.57117514
38.16457886
33.06904257
29.84979224
32.51320057
27.94466318
22.80173522
25.50782833
21.46237738
27.34893179
25.71657297
23.54850138
18.78319933
16.82579578
12.0650523
7.23082237
11.48533899
5.723157766
11.4880691
14.04063235
15.14484092
16.6682968
21.69446889
22.44553777
24.34619098
24.00133337
23.77872801
23.19569098
23.06299566
28.90040339
33.16343523