10
11.06535721
15.857995
13.64977757
17.15491171
18.45528316
16.01229128
19.71387631
24.58407471
22.10024945
24.14886891
24.06505267
18.23018217
23.79312627
28.79622202
31.9658406
37.08598513
41.55168569
37.54693244
35.47130665
30.44777501
28.15208504
32.82712923
33.41975473
30.06437143
31.96175514
26.38040958
22.7894072
25.28338407
22.58061684
18.46633445
20.07883297
14.16557065
16.39115351
19.19559517
16.87024141
19.71302254
19.44361185
14.55551311
14.16409715
10.07618454
5.595604798
9.499273339
14.53679181
14.26404072
19.80943817
15.98998945
12.6672583
17.81965008