10
11.20860621
14.43210727
11.38124751
13.7595616
18.4549265
18.91253479
14.34974873
18.06581064
20.08489769
21.70593713
18.70354114
22.13906709
25.29953537
29.62584784
24.6340974
24.5455212
20.35719163
15.62152313
17.5109546
13.32503713
9.43180607
6.771873073
12.73215827
13.10864918
18.28086196
19.88329059
21.90807039
21.23314123
25.657105
22.13007818
20.57075473
19.65953526
21.57699326
23.99541158
19.04260696
15.99869287
10.63370742
12.80362516
8.96758567
14.44155834
14.30128829
8.643432999
10.95587771
5.410295566
8.995049476
10.78917024
15.73708868
13.6665231