10
15.94211141
10.01952266
15.20684516
12.6559664
15.3206321
11.83163101
10.56826458
7.132933564
7.757562405
9.496823136
12.17833993
11.40668556
13.0802812
14.84363863
13.51302984
17.30939143
22.69271457
28.32477452
26.98680409
31.06563577
34.33386634
30.5698451
36.17829412
41.2229346
44.70595147
39.93626426
35.08126874
31.60928867
31.47664114
26.65192479
24.5741395
26.19330456
21.70959732
22.8372983
26.61524415
28.46342238
32.14529902
36.34286774
32.03231494
27.10441762
21.29610506
21.52418597
17.97901745
12.78629884
17.1546803
12.8106876
11.71104958
10.269349