10
14.61278837
13.21647731
15.28375486
20.0247653
17.77328348
16.26218817
21.93078205
20.87805083
15.51775234
13.76683399
15.60873407
11.32326767
11.56595907
14.32673289
8.691670578
6.444197121
1.534231184
-1.032496124
-2.733289712
-8.145738447
-4.077348374
-9.460332603
-11.81038547
-8.141823765
-8.798216417
-14.62628169
-11.3632212
-8.459113854
-5.894455439
-7.681257603
-6.20191238
-10.74376151
-9.769508491
-10.62786104
-12.12782356
-10.96770975
-12.54268516
-17.51160951
-18.78538844
-22.49855512
-24.95226863
-23.66794359
-24.14966372
-19.3981961
-13.9707484
-15.78570136
-11.90555042
-17.01882277